84
1 3 5 55 84
2 3 25 26 43
3 5 68 75 76 78 82
4 1 25
5 6 1 41 47 48 71 84
6 2 26 66
7 2 10 12
8 4 38 52 62 66
9 6 15 16 22 35 64 67
10 4 7 14 55 84
11 6 13 15 18 29 61 72
12 4 7 34 45 46
13 7 11 14 18 30 33 60 73
14 6 10 13 56 59 63 73
15 6 9 11 16 18 49 57
16 4 9 15 67 69
17 4 53 56 59 70
18 4 11 13 15 57
19 1 57
20 2 31 72
21 3 23 24 70
22 4 9 35 37 39
23 1 21
24 2 21 59
25 3 2 4 77
26 6 2 6 42 51 54 62
27 3 29 36 39
28 3 30 33 34
29 6 11 27 30 36 39 83
30 4 13 28 29 36
31 4 20 35 67 83
32 0
33 3 13 28 34
34 5 12 28 33 36 45
35 7 9 22 31 37 39 64 67
36 5 27 29 30 34 45
37 2 22 35
38 3 8 52 62
39 5 22 27 29 35 83
40 5 43 77 78 80 81
41 7 5 42 47 50 68 74 84
42 5 26 41 50 51 54
43 4 2 40 50 78
44 2 60 70
45 4 12 34 36 46
46 2 12 45
47 3 5 41 51
48 3 5 52 71
49 3 15 57 64
50 6 41 42 43 54 58 82
51 5 26 42 47 54 71
52 5 8 38 48 55 62
53 2 17 56
54 4 26 42 50 51
55 5 1 10 52 59 63
56 5 14 17 53 60 73
57 5 15 18 19 49 60
58 2 50 68
59 5 14 17 24 55 70
60 5 13 44 56 57 73
61 4 11 65 67 72
62 4 8 26 38 52
63 2 14 55
64 3 9 35 49
65 3 61 67 72
66 2 6 8
67 7 9 16 31 35 61 65 69
68 5 3 41 58 75 82
69 2 16 67
70 4 17 21 44 59
71 3 5 48 51
72 5 11 20 61 65 83
73 4 13 14 56 60
74 2 41 75
75 4 3 68 74 82
76 5 3 77 78 79 80
77 5 25 40 76 79 81
78 5 3 40 43 76 80
79 3 76 77 80
80 4 40 76 78 79
81 2 40 77
82 4 3 50 68 75
83 4 29 31 39 72
84 4 1 5 10 41
